Data factor: 1
Filter factor: 0.015625
    60.13998443		665764370.27879274		 1
    86.93641282		666238767.15676820		 2
    38.52768228		220682305.09027040		 3
    71.21064375		497831059.13615352		 4
    66.25846424		524190460.87039655		 5
    22.28827187		60503308.51349763		 6
   106.84303319		1082305484.15791011		 7
    67.70371940		922258217.42164671		 8
    45.70225639		225524049.92715999		 9
    73.73224838		703758027.55088627		10

Data factor: 1
Filter factor: 0.0625
    19.87022496		21560899.68043045		 1
    31.15697133		24981433.68287319		 2
    24.27212153		32192586.66954465		 3
    15.36933808		13294370.77214151		 4
    24.93783024		21906511.41387920		 5
    12.66915770		2697397.07057812		 6
    22.53514267		24401725.02648300		 7
    13.79977796		7106688.74033766		 8
    26.43000750		27653094.09248935		 9
    24.34246077		37739001.84528703		10

Data factor: 1
Filter factor: 0.25
    15.92969719		2340616.03013652		 1
     5.50762027		 65357.47007735		 2
    18.81263979		3873160.93744223		 3
    20.03467735		491828.89367509		 4
     9.42814240		199674.53392689		 5
    20.39805607		1037065.63887298		 6
     7.82613243		283588.11322635		 7
    11.89556931		268817.95093266		 8
    11.61482370		329279.70602111		 9
     8.93550948		  1422.12546925		10

Data factor: 1
Filter factor: 1
    10.93965537		 31681.17099618		 1
     4.33331102		     0.88484171		 2
     6.92569417		     1.88801486		 3
     6.20911527		     1.03714118		 4
    10.84199241		     4.48501784		 5
     9.98148894		     3.36582349		 6
     7.58211769		     2.84467692		 7
    10.78915231		     3.68345334		 8
     8.75963541		     2.40531590		 9
    13.53799247		     9.76775185		10

Data factor: 1
Filter factor: 4
     6.92404332		     0.34926364		 1
     9.74423978		     0.52728657		 2
     6.93246967		     0.34340063		 3
     7.65954878		     0.40685164		 4
     7.40620359		     0.50725658		 5
     7.95734859		     0.40827584		 6
     8.22636091		     0.38069314		 7
     8.74902934		     0.45751197		 8
     8.54723971		     0.53705455		 9
     9.25165941		     0.42954543		10

Data factor: 1
Filter factor: 16
     9.75435880		     0.16822635		 1
    17.71534851		     0.33996646		 2
     6.95785714		     0.10568977		 3
    13.32482907		     0.28274121		 4
    12.71095564		     0.34456384		 5
    15.69611186		     0.31808088		 6
    11.44174759		     0.22074898		 7
    12.14690268		     0.21089771		 8
     9.85222348		     0.19622022		 9
    15.34021646		     0.41811627		10

Data factor: 1
Filter factor: 64
    37.98130644		     0.58543711		 1
    35.06554655		     0.38690150		 2
    26.08904212		     0.30151750		 3
    24.63064819		     0.25911513		 4
    28.52284587		     0.35889890		 5
    35.03269159		     0.41582921		 6
    34.69927166		     0.34341633		 7
    26.66147147		     0.31000128		 8
    38.07368836		     0.70032494		 9
    25.46285788		     0.28699213		10

