Data factor: 1
Filter factor: 0.015625
    90.80141768		1274378121.81405449		 0
    62.91569169		572694642.82969058		 1
    49.79422098		401207288.11398357		 2
    55.68325903		477932437.05348873		 3
    59.80731448		441524602.30163354		 4
    48.71106108		315116189.73682517		 5
   102.77662076		1525014614.70933533		 6
    25.36338288		72688674.17426433		 7
    40.31496663		232854624.29641294		 8
    45.34460934		334510531.22583592		 9

Data factor: 1
Filter factor: 0.0625
    11.84814212		7018422.27419610		10
    18.36894463		34899733.74604019		11
    26.23657267		46611710.97013152		12
    20.08743854		39953706.11855426		13
    13.74186099		13440664.56277057		14
    13.08116392		5577937.59068421		15
    21.28040964		22043326.66225797		16
    14.44368211		11887939.08589553		17
    35.60712774		131631697.25169773		18
    23.22798695		55292407.55650660		19

Data factor: 1
Filter factor: 0.25
     9.97948615		208031.22326921		20
    16.49398128		3607539.43937408		21
    22.81902773		6328919.39876354		22
     9.28855395		568691.09240755		23
    19.42381322		14577492.69610264		24
    18.37905869		1946744.75212557		25
     7.18598368		299046.91661216		26
     9.52841237		294276.30226962		27
    12.94193153		693809.40942833		28
     9.31542505		726584.90575540		29

Data factor: 1
Filter factor: 1
     8.77189587		     7.28282990		30
     8.78759696		     6.05273163		31
     6.77078733		     7.36016040		32
     7.81814559		     3.78769806		33
     6.47845035		     9.15189644		34
    13.82288453		  2190.45203355		35
     8.40457518		    35.24801369		36
    11.95794690		547701.30875042		37
    10.07813290		     4.59687566		38
     8.44127329		     5.34897853		39

Data factor: 1
Filter factor: 4
     6.13013242		     0.48423665		40
    11.12643637		    13.69271308		41
     5.81799071		     0.41029800		42
     8.43768843		     0.54068701		43
     9.68738898		     0.87830632		44
    14.84876719		     2.11378388		45
    10.40643037		     1.27721593		46
     7.42068253		     0.54845207		47
     8.78225555		     0.72849791		48
     8.63516113		     0.46087536		49

Data factor: 1
Filter factor: 16
    14.10117734		     0.34155774		50
    21.21635353		     0.90270916		51
    23.30502780		     2.17454860		52
     8.76885583		     0.17343305		53
    17.32652874		     0.46080012		54
    15.72644841		     0.42316812		55
    15.18412069		     0.35772423		56
    12.29212870		     0.30065987		57
    26.64120454		     0.78706054		58
    12.39403825		     0.34357878		59

Data factor: 1
Filter factor: 64
    29.36072338		     0.57189401		60
    19.24858177		     0.25030243		61
    28.13777683		     0.53780452		62
    28.85646998		     0.53809606		63
    65.16140578		     1.94283533		64
    26.60984519		     0.36372030		65
    28.70570753		     0.67417335		66
    33.93390276		     0.56690940		67
    37.19172987		     1.08029163		68
    24.15705815		     0.34675743		69

