Data factor: 0.015625
Filter factor: 0.015625
     1.13114596		  6411.08097402		 0
     1.07758977		     6.53973110		 1
     2.73714752		    50.59757197		 2
     1.72304635		    21.55254090		 3
     2.02777193		    27.12171890		 4
     1.22279605		     6.36938693		 5
     1.35411974		     9.71245449		 6
     1.15264794		   184.18851277		 7
     1.86362433		    19.09696301		 8
     1.82850359		 12521.12920672		 9

Data factor: 0.0625
Filter factor: 0.0625
     2.31295347		     3.12633902		10
     2.39456895		     6.07942005		11
     3.84012259		    85.67207782		12
     1.93182693		     2.91527727		13
     2.53650575		     5.12078440		14
     2.05467359		     2.49832242		15
     1.64405410		     1.72706081		16
     1.46863368		     1.51146697		17
     3.38353028		     9.91027503		18
     1.82249721		     2.13712897		19

Data factor: 0.25
Filter factor: 0.25
     3.33486445		     3.33199846		20
     4.22820221		     3.61412018		21
     5.31370892		    14.15454007		22
     4.49672195		     2.91733770		23
     3.94515600		     2.63382511		24
     3.16908310		     1.88377940		25
     3.02947234		     1.25508472		26
     5.80328684		    15.29739667		27
     2.57504288		     1.09953929		28
     4.20648822		     3.36167172		29

Data factor: 1
Filter factor: 1
    10.87873885		     4.30976610		30
     6.61244745		     1.86611874		31
     5.98699983		     1.39181809		32
     8.62712661		     3.07096139		33
    10.35443112		     2.93508995		34
     7.49737231		     2.98709661		35
     9.91531911		     3.81972192		36
     8.30819911		     1.74537057		37
     4.19994889		     1.02469506		38
     6.14071931		     1.45214257		39

Data factor: 4
Filter factor: 4
    27.46506531		1045503.98939189		40
    19.34989916		     5.92817775		41
    15.93928707		     2.93889275		42
    30.20299196		7447367.87485421		43
    25.00821330		     8.78316734		44
    22.68638294		     6.59999372		45
    10.83187972		     1.41637096		46
    12.76327495		     2.22829892		47
    17.65789766		     5.25950061		48
    10.32455753		     1.14686541		49

Data factor: 16
Filter factor: 16
    27.16213747		     1.86926299		50
    43.22755921		1975563.59344333		51
    60.79039955		15478437.89293647		52
    36.25730429		    87.13268190		53
    39.72936246		     6.52026215		54
    38.83516529		6260485.37211176		55
    46.17236773		     4.93153491		56
    37.43398402		     1.04505426		57
    38.69767092		     2.42157609		58
    38.17326422		     3.06683051		59

Data factor: 64
Filter factor: 64
    91.19379487		15054487.83942287		60
    43.65124344		     1.94294559		61
    86.89570684		     4.36229946		62
    58.06600363		     3.38389922		63
   105.14814059		26541856.41587725		64
    49.48579840		2660955.97211854		65
    56.10033132		     2.14166255		66
   154.43739654		3299741.91276070		67
   106.54615405		39051565.30746379		68
    45.07646465		     1.29974446		69

