Data factor: 1
Filter factor: 0.015625
   105.48096829		1338429371.71940541		 0
    51.82438859		587619878.81723702		 1
   107.06409202		2107171145.67232013		 2
    73.65426752		930005007.89886713		 3
    79.64222640		456830159.18030351		 4
    60.91413641		399541673.88927746		 5
    29.92571296		124631698.90036023		 6
   148.38852858		1694329228.59687996		 7
    46.49826716		410816686.16481429		 8
    59.48200058		665437214.93694353		 9

Data factor: 1
Filter factor: 0.0625
    22.18775252		44037193.00714240		10
    30.31468543		140781728.98493278		11
    82.21571805		785786421.06631196		12
    78.94389797		880365555.02435970		13
    99.76047359		1488831777.87155700		14
    32.36792336		149557815.84975716		15
    22.37031629		91023941.26831473		16
    43.93605552		314932939.59793079		17
    30.62711653		255476912.93431759		18
    24.97585076		80475733.81842972		19

Data factor: 1
Filter factor: 0.25
    25.03991129		20298817.65767206		20
    21.48500904		15786494.90172190		21
    20.55775774		31084121.75165966		22
    33.78465984		64637647.27601290		23
     6.17163111		439253.11951248		24
    15.24468602		5789285.07608330		25
    11.61531279		2231455.81949147		26
    11.03738277		1307641.56178781		27
     6.12541815		436030.24345526		28
    15.82864054		3698427.00830708		29

Data factor: 1
Filter factor: 1
    14.10001988		523127.24628976		30
     9.83382804		 56914.01352051		31
    10.81838864		1003688.02535431		32
    18.37661545		1200123.11063229		33
    20.73819466		1190072.45493808		34
     9.85475420		350721.30304244		35
    14.57288932		247969.93479886		36
    20.24868058		844927.57066614		37
     6.03117563		108595.22248860		38
    10.89617229		370874.72428956		39

Data factor: 1
Filter factor: 4
    13.71518959		468972.91316996		40
    15.19550037		     5.74039128		41
    10.96297744		     2.27534971		42
     8.64131746		     1.42990010		43
    18.79947088		347146.91086516		44
    21.82323917		396112.11892082		45
    10.04759149		     3.65060721		46
    18.50302376		   182.77758043		47
    15.27689552		     6.64014997		48
    11.23463302		     2.79313180		49

Data factor: 1
Filter factor: 16
    13.86714403		     6.24438680		50
    13.95357658		     0.75128915		51
    36.70248719		    15.87009899		52
    17.72405981		     4.62208357		53
    14.65447016		     0.62325579		54
    27.28803495		682379.43440967		55
    29.53656563		1636481.49930112		56
    17.08616354		     1.17973488		57
    22.06833634		     1.99100965		58
    17.27043745		   171.54444448		59

Data factor: 1
Filter factor: 64
    56.22826414		     9.94709046		60
    42.53645357		     3.99289242		61
    69.81879153		  1708.40339747		62
    47.74190609		     2.97017546		63
    56.19599513		    39.69485314		64
    24.11838171		     1.15710225		65
    35.22152012		     1.35061904		66
    38.55584683		     2.04178454		67
    28.59728114		     1.06830706		68
    47.73153454		     2.65508624		69

