Data factor: 1
Filter factor: 0.015625
    77.69415068		654089555.73327374		 0
    60.13998443		665764370.27879274		 1
    86.93641282		666238767.15676820		 2
    38.52768228		220682305.09027040		 3
    71.21064375		497831059.13615352		 4
    66.25846424		524190460.87039655		 5
    22.28827187		60503308.51349763		 6
   106.84303319		1082305484.15791011		 7
    67.70371940		922258217.42164671		 8
    45.70225639		225524049.92715999		 9

Data factor: 1
Filter factor: 0.0625
    24.34246077		37739001.84528703		10
    46.76456958		201507096.43463787		11
    21.37841563		38072999.09527463		12
    28.73636706		33620695.93682199		13
    56.80603143		193848389.93023953		14
    27.70863033		10497063.22077924		15
    26.52754931		30712911.87315698		16
    11.41559169		5313265.20300526		17
    30.23111391		52691732.47410938		18
    23.09087049		37166892.29644702		19

Data factor: 1
Filter factor: 0.25
    10.63306992		400278.38076800		20
    22.14644185		5456007.67437032		21
    31.56171293		8946118.19831075		22
    18.89800885		2487391.69167350		23
    14.42956442		389033.07244032		24
     6.23775621		  1138.30085155		25
     7.13748221		    63.26024319		26
    11.68307543		969115.19537605		27
    15.36886464		613009.65732137		28
     8.00186620		    75.21002012		29

Data factor: 1
Filter factor: 1
    10.87873885		     4.30976610		30
     6.61244745		     1.86611874		31
     5.98699983		     1.39181809		32
     8.62712661		     3.07096139		33
    10.35443112		     2.93508995		34
     7.49737231		     2.98709661		35
     9.91531911		     3.81972192		36
     8.30819911		     1.74537057		37
     4.19994889		     1.02469506		38
     6.14071931		     1.45214257		39

Data factor: 1
Filter factor: 4
    12.63410790		     0.97419568		40
     9.31175039		     0.52254525		41
     8.65731089		     0.53254132		42
     7.30314656		     0.35915521		43
     6.47664474		     0.43770505		44
    10.21984811		     0.56388979		45
    10.11743796		     0.66704570		46
     8.33887194		     0.56070670		47
     8.10329995		     0.45691364		48
     7.18396246		     0.42188812		49

Data factor: 1
Filter factor: 16
    12.14998693		     0.25188270		50
    11.22197821		     0.25054785		51
     9.46513583		     0.17423570		52
    12.00088434		     0.33464475		53
    13.87967418		     0.18430202		54
     9.62104401		     0.16829387		55
     9.31910525		     0.12740774		56
    11.16461810		     0.15546295		57
    14.18865201		     0.25786707		58
    14.47439724		     0.31757962		59

Data factor: 1
Filter factor: 64
    24.54442037		     0.31758496		60
    27.51801639		     0.40620593		61
    22.68955828		     0.22924751		62
    34.31750701		     0.49247799		63
    31.19816572		     0.49605082		64
    28.08102554		     0.36652223		65
    21.89056888		     0.21234709		66
    25.09354405		     0.25130567		67
    29.45642504		     0.41862657		68
    30.60762874		     0.34757077		69

