Data factor: 1
Filter factor: 0.015625
    30.05506418		76005214.62656079		 0
    38.94654961		81871526.29073645		 1
    86.28497193		756550554.94466448		 2
    65.04815925		265986575.69392872		 3
    72.68001037		475258265.72864395		 4
    57.79496031		253061395.35262188		 5
    19.82747770		23419545.40205861		 6
   147.06368235		983134313.18845785		 7
    34.98101210		70748580.24907325		 8
    27.49247383		45733764.16569266		 9

Data factor: 1
Filter factor: 0.0625
    31.81338689		19164792.47030099		10
    25.56068884		18371615.95847900		11
    16.01969888		3205321.47050807		12
    17.45544658		1739593.87009199		13
    11.68091407		1294712.03060287		14
    13.73035157		2015101.52995189		15
    20.05024991		9925982.18002130		16
    16.55050361		4473427.68505926		17
    12.21133517		2135512.59832342		18
    14.26436684		5546216.18321479		19

Data factor: 1
Filter factor: 0.25
     5.95244633		 65774.22137464		20
     7.04316698		    16.20444738		21
     8.54506135		    34.60253537		22
     6.39067913		    19.02895108		23
     5.39743613		   110.76264743		24
    13.76432902		154399.36644579		25
    10.06948442		    62.07564776		26
     9.32707828		571002.18905202		27
     9.19217742		   132.45115120		28
     6.59844099		    34.79483749		29

Data factor: 1
Filter factor: 1
     7.63101093		     1.32641207		30
     7.74920769		     1.31574663		31
     5.79548054		     1.11594578		32
     9.58235220		     2.18905994		33
    12.22472140		     3.21294515		34
    11.10178074		     3.88004482		35
    10.67752202		     1.88859704		36
     5.94297669		     0.89179662		37
     5.52255620		     1.13172937		38
     8.21818068		     1.89489810		39

Data factor: 1
Filter factor: 4
     6.69564730		     0.20581931		40
     5.29668756		     0.20949074		41
     8.27227297		     0.31399503		42
     5.33358816		     0.22313487		43
     7.65181928		     0.28396341		44
     8.35412472		     0.54318400		45
    12.55816524		     0.67684899		46
     6.83028745		     0.27521257		47
     3.69986295		     0.15238256		48
     7.71858079		     0.31262771		49

Data factor: 1
Filter factor: 16
    10.30734727		     0.11401010		50
     7.83429382		     0.11680468		51
     9.05115494		     0.13127454		52
     7.54609205		     0.09929999		53
     8.47522133		     0.10916656		54
    12.83681878		     0.19929281		55
     8.39340792		     0.14966521		56
    16.76775674		     0.32471447		57
     8.70323000		     0.12004769		58
    10.49740384		     0.12253026		59

Data factor: 1
Filter factor: 64
    19.89713490		     0.13955193		60
    24.19643455		     0.22228898		61
    19.78807380		     0.16469908		62
    25.86363738		     0.19368333		63
    26.72055188		     0.30232352		64
    24.26572489		     0.19037270		65
    23.33727207		     0.19859677		66
    27.47832275		     0.23032508		67
    18.28645750		     0.14293630		68
    20.90456349		     0.17841352		69

