Data factor: 0.015625
Filter factor: 0.015625
     1.07758977		     6.53973110		 1
     2.73714752		    50.59757197		 2
     1.72304635		    21.55254090		 3
     2.02777193		    27.12171890		 4
     1.22279605		     6.36938693		 5
     1.35411974		     9.71245449		 6
     1.15264794		   184.18851277		 7
     1.86362433		    19.09696301		 8
     1.82850359		 12521.12920672		 9
     1.40368711		     4.48310774		10

Data factor: 0.0625
Filter factor: 0.0625
     1.96579321		     1.97542459		 1
     2.40067849		     3.03595248		 2
     1.97499515		     1.99275002		 3
     1.86010022		     1.86596260		 4
     3.01229489		     7.10096920		 5
     2.78614450		     3.50900129		 6
     2.14039925		     2.49546021		 7
     2.29146454		   478.93351777		 8
     2.72374201		 11979.24960405		 9
     2.31295347		     3.12633902		10

Data factor: 0.25
Filter factor: 0.25
     3.28400490		     1.63197585		 1
     3.38939038		     2.11791292		 2
     3.49763929		     1.39342103		 3
     3.21507935		     2.84697912		 4
     5.80892467		     7.38568266		 5
     5.15350408		     2.72128342		 6
     4.18089654		     2.54129116		 7
     3.23767925		     1.75827325		 8
     4.32225400		     3.27047137		 9
     6.90517427		     9.39323896		10

Data factor: 1
Filter factor: 1
    10.93965537		 31681.17099618		 1
     4.33331102		     0.88484171		 2
     6.92569417		     1.88801486		 3
     6.20911527		     1.03714118		 4
    10.84199241		     4.48501784		 5
     9.98148894		     3.36582349		 6
     7.58211769		     2.84467692		 7
    10.78915231		     3.68345334		 8
     8.75963541		     2.40531590		 9
    13.53799247		     9.76775185		10

Data factor: 4
Filter factor: 4
    13.70851859		 37648.11152061		 1
    13.02591699		     1.75850795		 2
    17.52295529		     2.25966729		 3
    14.43266635		     3.10911584		 4
    15.28041833		     1.44639125		 5
    30.91285003		    12.50815150		 6
    16.64325455		286215.09990921		 7
    14.74508305		     2.13580469		 8
    17.44420452		709528.65527390		 9
    30.01593139		     3.31826388		10

Data factor: 16
Filter factor: 16
    38.07028355		     2.56744725		 1
    30.01913395		     1.80300629		 2
    61.72802847		     5.97709295		 3
    50.69381646		    10.86817879		 4
    45.92709628		     2.20294324		 5
    37.79723686		     3.00254535		 6
    93.81239849		     9.15112685		 7
    28.26362546		3570434.00394468		 8
    26.06950435		     3.23297538		 9
   110.62760348		 47767.47671306		10

Data factor: 64
Filter factor: 64
    62.73395916		     2.49400089		 1
    99.18571889		   102.90662353		 2
    53.72739306		     4.21450261		 3
    80.06329456		5128318.42226377		 4
   183.84874012		123226612.45258914		 5
   128.43527663		    10.57182902		 6
    83.46706090		1617905.67297971		 7
    66.64972560		     1.98095802		 8
   109.27411699		     9.69267742		 9
    57.38264357		     5.70798286		10

