Data factor: 0.015625
Filter factor: 0.015625
   0.99250443	   1.38699637
   0.99537487	   1.17766232
   1.43208706	   1.83851226
   1.08718023	   1.42740071
   1.06297087	   1.14348301
   0.99094442	   1.27419402
   0.98026317	   1.09416761
   0.91542340	   1.05016826
   0.76740069	   0.88619115
   1.90673581	   2.98936691

Data factor: 0.0625
Filter factor: 0.0625
  10.19884971	 190.62732278
   1.69902988	   1.05451164
   2.29674616	   1.38506218
   2.27875718	   1.40964770
  14.56579318	 227.26452200
   1.71529390	   0.86947064
   6.02729760	  84.03225744
   2.14667966	   1.41093906
   1.75343004	   0.96984869
  17.75874185	 322.35855664

Data factor: 0.25
Filter factor: 0.25
  39.22187824	 222.89152985
   4.57451011	   1.51592792
  12.84640767	  90.95136675
   4.02371695	  20.17635603
   4.36647199	   1.46785065
  25.60181899	 134.21268684
   5.85075172	  22.57879071
   4.63808044	   1.48935492
  47.76448239	 328.37503891
  12.36844499	  38.88907593

Data factor: 1
Filter factor: 1
  10.12433751	   5.83410585
  14.24761130	  18.32179844
  43.01999561	  58.41598044
  36.97204236	  46.64652755
 153.76824577	 881.36346603
  15.74618358	  26.11595454
  91.45936604	 229.95856225
  16.05475513	  17.11896379
  14.19771601	  12.95167013
  49.79146420	  77.00870229

Data factor: 4
Filter factor: 4
  36.66378623	  12.43839057
 107.02401049	  76.63517657
  58.39758351	  20.17262731
  53.73887842	  33.03580519
  66.91859572	  34.86382869
  31.28295824	  13.66189799
  49.93011489	  20.56813258
  43.72377659	  11.43826301
  34.95553932	  12.24184131
  25.60990351	   4.38536394

Data factor: 16
Filter factor: 16
  83.76226282	   9.84829068
  51.08245373	   6.45426828
 371.91879183	  80.44243059
  83.24293557	  11.08531574
  98.11863813	  15.92239433
  72.09581630	  10.95171998
  78.27871894	  19.34021320
 283.98944846	  27.67831929
 103.65569313	  20.19580019
 199.44536685	  50.69264033

Data factor: 64
Filter factor: 64
  72.28918727	   3.08068680
  58.35823274	   3.06843092
  69.61813660	   2.49430029
  84.51982628	   3.37999889
 198.99988817	  15.69665877
 403.27291021	  48.56080644
 167.86476731	  10.81749503
 270.97568304	  23.41506790
 369.58219885	  25.17042181
 119.89527114	   5.74466892

