Data factor: 1
Filter factor: 0.015625
  11.80421417	 456.88670853
  18.83725326	1067.10747176
  71.88187530	6208.84749067
  11.04672373	  76.02162652
   7.00948454	  50.43687454
   8.70717711	 366.97665659
  11.43682342	 781.89564115
   6.40208166	  67.85855417
  30.70110907	4159.12591819
  19.17637583	 886.85446675

Data factor: 1
Filter factor: 0.0625
  50.43567941	1274.66653583
  41.43615897	 776.64653968
   6.97171663	  13.56390856
   7.07610829	  15.56205518
  71.73692132	1972.55072911
   6.05114191	  13.21864805
  18.69185481	 220.16690676
  34.30427735	 873.18126473
   7.17857470	  13.39002197
  33.57123416	 762.89597612

Data factor: 1
Filter factor: 0.25
  29.36893243	 174.38236210
  52.51873709	 299.73006185
  12.98688832	  34.54576788
  10.26842934	   5.93463703
  61.13180124	1312.75538777
  35.68349961	 193.72237699
   6.18432492	   3.23379937
  18.08330234	 148.36171542
 254.19183930	4523.56155218
   8.49822313	  62.35958893

Data factor: 1
Filter factor: 1
  10.12433751	   5.83410585
  14.24761130	  18.32179844
  43.01999561	  58.41598044
  36.97204236	  46.64652755
 153.76824577	 881.36346603
  15.74618358	  26.11595454
  91.45936604	 229.95856225
  16.05475513	  17.11896379
  14.19771601	  12.95167013
  49.79146420	  77.00870229

Data factor: 1
Filter factor: 4
  39.40272825	  11.28235064
  18.28816195	   5.93441110
 124.85992531	 103.83429408
  58.73945993	  30.92777046
  37.69939384	  11.56066150
  24.53867728	  17.81768444
  15.41049466	   3.65161683
  25.86378851	   7.02833541
  21.22911651	   4.73299813
  81.81833677	  35.35878463

Data factor: 1
Filter factor: 16
  52.09647587	   4.97517347
 239.13729828	  88.67030648
 185.22878240	  51.95330845
  28.12688179	   2.40824637
 159.97260870	  44.32622098
 139.35362207	  25.32935916
  51.57440283	   4.08878805
  36.95822769	   2.02469722
 151.12304175	  28.67128735
  36.48078924	   3.75861897

Data factor: 1
Filter factor: 64
  58.31774806	   1.78592790
  73.07209648	   1.88982961
  87.29191713	   2.97628705
 107.36252939	   3.43581900
  84.03468186	   2.93762212
  88.64556381	   3.00469581
  58.57158377	   2.60141176
 102.26002986	   4.07854983
  73.82252533	   3.86375023
 191.18281183	  15.18386811

