Data factor: 0.015625
Filter factor: 0.015625
     0.96168916		     1.08864526		 0
     1.08485425		     1.30264593		 1
     1.14985053		     1.34209211		 2
     1.02581139		     1.11233636		 3
     1.01573606		     1.16640196		 4
     1.31873025		     1.76483560		 5
     1.05831186		     1.19550540		 6
     0.95291876		     1.08509256		 7
     0.93863765		     1.08801196		 8
     1.19741574		     1.59096255		 9

Data factor: 0.0625
Filter factor: 0.0625
     2.48452463		     1.79619556		10
     1.69202743		     1.12249385		11
     5.26480818		    87.82941397		12
     2.53572550		     1.51184987		13
     1.86117670		     1.12551187		14
     2.17211942		     1.40233502		15
     2.39253411		     1.57057456		16
     2.38931817		     1.63972741		17
     2.30413354		     1.52205377		18
     2.38231810		     1.43476849		19

Data factor: 0.25
Filter factor: 0.25
    20.93628167		   111.33671828		20
     4.09792895		     1.17128749		21
    20.97961949		   132.94791113		22
     8.07206967		    32.59516774		23
     4.22474171		     1.50184657		24
    11.13993513		    49.46061941		25
     5.98748278		    20.15130981		26
     6.01447348		    24.55842018		27
     3.29999826		     1.11176054		28
    19.26553131		   117.09629175		29

Data factor: 1
Filter factor: 1
    25.46503902		    39.71579895		30
    17.20814400		    20.62396291		31
    28.50294897		    31.54178846		32
    13.24828085		    41.76277924		33
     8.55707124		    11.76847208		34
    25.92335070		    36.42016344		35
     6.77281078		     1.10018287		36
    19.13793608		    17.94304706		37
    12.01768046		     7.42110786		38
    36.66172246		    51.79734951		39

Data factor: 4
Filter factor: 4
   166.66345277		   226.67560898		40
    68.55838384		    65.83411237		41
    24.06127938		     8.61396992		42
    45.19549134		    21.38680923		43
   117.49011766		    36.41211247		44
    17.32941083		     3.73468443		45
    64.06234280		    31.01888660		46
    56.06805810		    18.89171430		47
    43.76429413		    15.50219870		48
    87.36493506		    52.55763087		49

Data factor: 16
Filter factor: 16
   118.33070178		    15.18720718		50
    66.96940043		     7.74447978		51
   107.25856782		     8.73270039		52
   209.29133106		    27.92245156		53
    58.36662777		     5.64512131		54
   187.19628753		    46.15272260		55
    91.68757402		    14.38946788		56
   278.58975612		   127.31438927		57
   441.32399529		   234.85839675		58
   138.30181386		    27.41801707		59

Data factor: 64
Filter factor: 64
   178.18417795		    10.01461402		60
   296.50527617		    23.90228533		61
   234.56049818		    29.35137864		62
   225.39713707		    16.91877819		63
   272.20717216		     8.93384393		64
    79.15339469		     3.15629242		65
   118.09520966		     6.20118253		66
   178.80433345		    12.10102739		67
   245.98320393		    11.58539081		68
   116.71198749		     6.13369499		69

