Data factor: 1
Filter factor: 0.015625
     7.42698352		    60.13049119		 1
    14.09768559		  1204.64319162		 2
    21.60143609		   858.34051122		 3
     7.76195543		    59.15602939		 4
    15.36621124		   500.68239963		 5
   244.49074843		 81070.75049917		 6
     6.14532761		    42.60048668		 7
    14.10865809		   895.61276131		 8
     6.89449169		    64.09397633		 9
   118.22744143		 30870.24379517		10

Data factor: 1
Filter factor: 0.0625
     7.09704722		    14.59315884		 1
    14.40102698		   299.86726624		 2
    21.55351987		   214.33473937		 3
     7.47524619		    14.92565166		 4
   219.90180043		 15049.11992327		 5
   244.98804244		 20981.42731907		 6
     6.39651120		    11.27841463		 7
    13.51015869		   221.54296334		 8
     6.95154883		    16.76846411		 9
    48.11027129		  1853.94579098		10

Data factor: 1
Filter factor: 0.25
     6.49759469		     3.50863787		 1
    15.16011035		    75.10938072		 2
    21.86506401		    53.80523607		 3
     7.23443054		     3.95162247		 4
   237.11983249		  3797.55549603		 5
   188.31724536		  4094.42589112		 6
     7.34010248		     3.29161607		 7
    15.36278183		    75.79681273		 8
     7.35183698		     4.79455547		 9
    36.73004889		   266.65380571		10

Data factor: 1
Filter factor: 1
     9.28529939		     8.98489740		 1
    21.57937610		    30.89769881		 2
    23.29483810		    13.84706046		 3
     7.64785257		     1.27666775		 4
   237.55470663		   947.10166768		 5
    26.35685723		    29.97899196		 6
     9.31920982		     1.18552531		 7
    91.61715090		   278.63864770		 8
     8.23129254		     1.63214790		 9
    23.44667731		    36.77055405		10

Data factor: 1
Filter factor: 4
    13.69050899		     4.07234714		 1
    33.18046000		    14.84117506		 2
   248.47111998		   458.74462667		 3
    25.14113798		     7.19284237		 4
   162.05521635		    95.93620814		 5
   191.86556901		   352.85341710		 6
    28.40601044		    13.58425652		 7
   251.22040838		   373.70151596		 8
    10.96140431		     1.80959431		 9
    21.89010594		     9.28194371		10

Data factor: 1
Filter factor: 16
    39.94530718		     4.73891095		 1
    39.35430007		     3.39112421		 2
   234.64965249		    64.37685100		 3
    29.45683073		     2.99637809		 4
    51.46903735		     5.89473372		 5
    87.62049579		    19.94211386		 6
    84.68051945		    16.08879960		 7
   243.10226669		   193.51663288		 8
    17.67745700		     1.24599930		 9
    26.34197419		     2.61497584		10

Data factor: 1
Filter factor: 64
    86.83537038		     2.52877285		 1
   162.49573330		    14.40752290		 2
   214.73572438		    13.49439254		 3
    56.67552045		     2.18953325		 4
    49.14384090		     1.88808703		 5
   165.25978337		    10.57196578		 6
    66.84201187		     2.88954196		 7
   176.62499179		    12.53571148		 8
    34.75387059		     0.99651516		 9
    68.49621834		     2.96163161		10

