Data factor: 1
Filter factor: 0.015625
    10.81148947		   364.93569785		 0
     7.42698352		    60.13049119		 1
    14.09768559		  1204.64319162		 2
    21.60143609		   858.34051122		 3
     7.76195543		    59.15602939		 4
    15.36621124		   500.68239963		 5
   244.49074843		 81070.75049917		 6
     6.14532761		    42.60048668		 7
    14.10865809		   895.61276131		 8
     6.89449169		    64.09397633		 9

Data factor: 1
Filter factor: 0.0625
    48.11027129		  1853.94579098		10
    13.37983674		   152.23314349		11
    21.11066330		   198.66039508		12
     8.84508945		    19.51489764		13
    78.50381283		  1733.77003662		14
    21.22803085		   598.82786348		15
    12.01184860		   146.75805532		16
     9.83073469		    18.99504812		17
    48.64581741		  1637.99719712		18
    17.73171706		   240.06812647		19

Data factor: 1
Filter factor: 0.25
     8.66963694		     6.32407316		20
    15.36743138		    32.54800452		21
    32.42469878		   205.61023194		22
   145.82616600		  1549.18921006		23
    17.38529856		    64.80890165		24
    33.04367972		   168.17116045		25
    28.86381073		   146.04975508		26
    28.87665038		   127.07711467		27
    26.20914473		   132.54279463		28
    13.62054739		    41.11589858		29

Data factor: 1
Filter factor: 1
    25.46503902		    39.71579895		30
    17.20814400		    20.62396291		31
    28.50294897		    31.54178846		32
    13.24828085		    41.76277924		33
     8.55707124		    11.76847208		34
    25.92335070		    36.42016344		35
     6.77281078		     1.10018287		36
    19.13793608		    17.94304706		37
    12.01768046		     7.42110786		38
    36.66172246		    51.79734951		39

Data factor: 1
Filter factor: 4
   153.10626833		   251.80877969		40
    48.78083257		    52.65015538		41
    16.80231170		     3.75263633		42
    22.39552281		     8.96502800		43
    38.55982635		    15.38473435		44
    12.97379394		     3.23816961		45
    97.06096544		    94.40450808		46
   112.35452169		    72.26420879		47
    35.08775978		    11.10077519		48
   157.23125137		   121.10242501		49

Data factor: 1
Filter factor: 16
    46.63995385		     4.29201718		50
    38.09856058		     4.31830310		51
    48.61184760		     5.16502912		52
   170.10463720		    56.50507593		53
    49.25372071		     5.19834811		54
    25.41181361		     2.09029239		55
    23.90428792		     2.22320146		56
    24.40934623		     1.49802636		57
    69.13995473		     8.20916743		58
    37.32513213		     3.60631432		59

Data factor: 1
Filter factor: 64
    61.28851767		     1.54507262		60
    83.47263598		     3.16580731		61
   107.80638715		     4.68441906		62
    42.36446782		     1.41896831		63
   155.23197964		     6.92640665		64
    57.50477361		     1.93234012		65
    82.80302170		     2.73691711		66
   129.91485588		     6.49250250		67
   154.67511143		     7.00876381		68
    59.94637592		     1.60693581		69

