Data factor: 0.015625
Filter factor: 0.015625
     1.08485425		     1.30264593		 1
     1.14985053		     1.34209211		 2
     1.02581139		     1.11233636		 3
     1.01573606		     1.16640196		 4
     1.31873025		     1.76483560		 5
     1.05831186		     1.19550540		 6
     0.95291876		     1.08509256		 7
     0.93863765		     1.08801196		 8
     1.19741574		     1.59096255		 9
     1.31514848		     1.82606613		10

Data factor: 0.0625
Filter factor: 0.0625
     2.08678177		     1.28058209		 1
     2.18914533		     1.35821303		 2
    31.30392837		   748.54471044		 3
     2.07534526		     1.20477489		 4
     2.43413318		     1.73173075		 5
     2.04804590		     1.17458864		 6
     1.59914575		     0.95571394		 7
     1.70062079		     1.00819577		 8
     2.25785573		     1.58148733		 9
     2.48452463		     1.79619556		10

Data factor: 0.25
Filter factor: 0.25
   204.93261163		  4295.65704823		 1
     4.32418825		     1.48845962		 2
    13.22835062		    35.61510199		 3
     3.64308140		     1.18967515		 4
     5.91147058		    21.24452030		 5
     3.87651861		     1.13873851		 6
     5.39765780		    27.62863958		 7
    41.74628432		   345.26451076		 8
     9.81081792		    35.96595891		 9
     6.92989466		    21.82576367		10

Data factor: 1
Filter factor: 1
     9.28529939		     8.98489740		 1
    21.57937610		    30.89769881		 2
    23.29483810		    13.84706046		 3
     7.64785257		     1.27666775		 4
   237.55470663		   947.10166768		 5
    26.35685723		    29.97899196		 6
     9.31920982		     1.18552531		 7
    91.61715090		   278.63864770		 8
     8.23129254		     1.63214790		 9
    23.44667731		    36.77055405		10

Data factor: 4
Filter factor: 4
    33.61623687		    15.04324361		 1
   113.77141735		   106.60768389		 2
    54.01369543		    22.17659658		 3
    83.56974390		    37.82462250		 4
    66.22838996		    19.19603020		 5
   222.83197839		   224.14309228		 6
   198.01642141		    86.91938743		 7
    46.34332163		    26.34394917		 8
    19.07100668		     3.81004808		 9
    44.81588853		    22.50978063		10

Data factor: 16
Filter factor: 16
   325.61158143		   144.50544627		 1
   141.80014913		    32.07296967		 2
    71.47729077		     6.79837858		 3
    64.99187637		     7.44242235		 4
   137.61385071		    15.59909537		 5
   142.79415809		    25.02454613		 6
   224.12345524		    55.85166982		 7
   101.99848457		    18.11699323		 8
   103.49209080		    10.86195236		 9
    84.26961802		    12.58599305		10

Data factor: 64
Filter factor: 64
   166.04667236		    14.61055867		 1
   210.76050818		    19.72018700		 2
   161.42569412		    13.94004459		 3
   290.26218078		    22.95466190		 4
   104.20905121		     5.40805010		 5
   245.38612397		    16.84797871		 6
   108.75424373		     5.22766511		 7
   132.51738002		     4.47395658		 8
   284.93012915		    12.97594964		 9
   150.18979058		     6.87687185		10

